855
489
722
40
166
259
636
75
207
29
42
622
932
659
897
360
799
612
504
917
944
334
162
540
525
975
668
297
541
857
609
475
105
906
299
865
685
477
786
169
939
456
853
920
818
857
916
164
308
972
896
321
617
518
581
427
360
3
164
679
386
987
474
404
533
256
855
590
476
354
708
375
115
884
720
385
958
64
854
814
223
566
492
148
335
769
676
255
68
609
352
607
538
889
82
593
307
494
102
528
937
554
343
543
269
561
754
343
814
407
717
973
405
474
517
492
155
759
281
218
440
643
262
0
203
985
383
365
529
226
908
415
922
241
15
192
879
264
955
294
706
288
666
607
517
660
231
622
198
384
73
754
950
561
812
301
664
812
759
449
845
194
942
996
279
140
267
457
293
516
936
176
206
689
396
142
672
465
508
380
605
264
27
655
124
834
34
304
820
475
820
470
873
45
777
827
7
757
47
934
118
13
350
298
868
301
996
78
475
805
0
147
926
959
694
556
755
394
322
583
118
2
408
262
742
801
825
243
503
100
299
943
931
880
670
47
683
44
426
500
329
361
742
117
5
951
251
428
349
764
400
579
891
309
376
43
273
9
14
141
946
579
344
605
867
265
666
519
734
973
566
555
298
494
200
416
593
89
822
949
491
390
722
177
226
135
853
246
516
804
839
362
973
786
124
357
231
450
216
425
487
646
708
308
613
568
151
20
664
270
217
604
404
567
534
695
314
36
156
634
342
960
868
213
407
452
802
305
933
983
778
65
998
531
380
944
965
158
891
219
49
922
47
361
520
13
35
494
352
927
610
627
287
903
125
829
32
950
236
926
457
178
48
712
766
249
35
796
458
480
364
755
306
550
936
238
899
898
681
316
217
902
485
999
612
888
785
76
733
512
648
599
680
998
328
896
530
320
352
287
603
319
901
236
286
88
15
41
793
127
330
677
602
631
423
191
601
879
609
543
964
442
263
276
381
467
525
186
363
945
721
269
23
818
957
866
980
657
190
257
606
182
839
270
813
14
10
326
275
724
357
456
69
132
687
635
590
49
77
600
630
964
933
321
373
535
96
627
87
703
120
96
388
669
130
126
58
985
225
362
894
640
308
799
352
145
601
480
49
538
628
677
997
28
676
474
654
216
288
484
332
609
761
171
729
282
203
292
225
607
331
615
965
596
561
827
839
522
915
797
414
193
726
503
921
170
681
854
132
172
447
45
296
318
984
999
356
750
231
730
379
392
867
427
177
700
22
211
965
775
901
120
158
559
424
821
527
270
357
326
913
67
42
954
897
763
386
996
128
475
874
902
2
744
86
871
94
377
972
474
610
969
25
49
81
771
32
752
550
405
110
326
825
481
865
367
24
478
918
96
876
403
735
993
696
298
354
84
450
673
610
320
653
902
847
990
525
182
805
656
84
951
504
543
686
373
154
985
638
708
459
351
423
697
446
414
142
381
154
243
295
283
437
811
62
400
589
879
31
67
157
570
18
486
376
437
218
62
119
128
264
789
577
956
846
662
637
849
61
523
242
252
414
788
910
721
415
614
134
843
801
555
332
921
686
920
911
619
144
981
153
814
82
71
273
986
921
108
633
437
334
140
188
754
409
790
294
395
310
611
44
224
758
519
759
247
78
471
463
158
773
434
528
555
70
508
105
234
842
78
518
603
616
253
883
507
692
667
500
950
330
94
63
407
649
635
577
935
922
95
480
945
37
35
198
508
505
219
880
606
39
207
456
364
430
639
634
50
77
521
436
215
318
136
222
952
109
355
571
989
175
389
377
735
86
478
857
560
766
897
914
268
439
693
662
712
35
226
705
323
410
623
298
593
718
361
556
323
555
789
205
613
588
400
159
564
49
285
4
674
24
998
96
901
316
459
763
220
17
297
670
654
519
439
640
5
718
886
222
126
886
963
612
244
420
165
448
479
133
250
897
673
743
334
42
379
758
443
621
844
865
109
375
776
686
318
453
773
55
542
10
993
804
325
961
561
106
432
183
409
306
527
213
770
739
563
461
109
957
809
565
374
708
201
886
585
259
992
401
837
373
268
535
687
982
589
922
358
469
343
319
278
775
467
844
441
233
908
604
873
270
603
843
617
982
168
986
821
933
771
651
940
219
465
310
859
374
727
762
73
624
980
795
388
760
817
800
471
173
913
986
692
534
655
937
601
951
23
301
427
171
246
717
973
466
83
869
460
725
840
333
761
213
598
654
204
292
947
17
854
216
389
668
53
892
974
858
430
440
149
611
893
428
979
562
902
842
361
977
785
