976
205
614
545
547
881
623
40
390
71
164
382
985
181
465
313
469
131
275
911
32
692
307
458
557
786
415
161
640
84
30
95
250
661
278
102
177
51
945
406
159
588
430
725
894
286
723
128
550
574
537
102
509
92
88
561
640
280
984
837
25
749
466
556
146
817
382
793
884
446
655
333
707
922
732
24
239
822
39
838
958
971
249
941
102
235
191
374
715
310
164
934
899
870
167
407
398
381
896
143
237
578
653
372
617
845
852
729
523
821
377
427
198
2
991
720
434
285
740
672
328
915
516
309
900
235
389
670
163
102
239
652
715
366
711
820
443
861
303
333
949
567
919
501
993
428
680
600
940
253
796
201
250
618
944
392
935
852
541
383
328
982
343
43
371
117
282
477
469
237
755
291
289
750
428
929
94
563
71
619
272
462
469
10
102
619
794
28
407
624
871
916
483
865
764
455
419
46
615
809
209
901
525
516
210
320
161
153
203
139
206
506
817
573
105
505
323
95
762
112
490
47
670
720
12
151
703
615
658
170
973
360
408
763
118
323
911
287
125
942
24
459
554
996
6
241
385
162
671
983
389
741
111
205
297
782
208
706
643
409
718
349
632
444
301
7
296
539
797
322
38
148
154
275
662
380
364
579
670
708
331
320
942
66
661
342
994
241
790
997
95
641
515
892
928
803
57
795
485
479
323
878
65
51
904
384
46
436
555
251
280
859
371
809
918
74
346
655
388
797
0
578
72
238
926
919
828
643
704
183
39
231
434
580
907
528
105
911
574
460
294
118
997
576
117
266
190
171
497
150
586
656
581
219
235
996
171
946
836
37
782
895
765
704
11
54
97
336
810
994
4
578
89
988
625
806
615
300
868
63
28
894
260
145
319
610
586
830
264
117
189
501
427
906
460
262
914
951
586
853
794
79
126
146
309
466
266
499
51
61
877
61
966
474
828
627
998
963
90
780
353
989
430
270
829
551
218
937
343
98
138
937
530
216
559
469
178
615
728
831
804
693
521
943
700
438
590
938
72
548
122
666
511
42
378
62
943
634
444
873
84
991
351
811
751
970
814
972
380
941
706
453
957
664
803
537
569
453
413
101
243
504
328
783
184
489
696
802
238
385
89
304
48
289
469
620
753
529
382
129
839
271
438
853
6
995
895
146
4
553
526
137
316
658
10
662
223
120
389
590
462
747
549
658
80
652
665
806
454
914
877
16
672
454
740
891
492
672
818
726
485
974
920
586
273
488
123
104
732
849
999
475
928
162
92
620
549
283
19
537
951
608
762
157
288
606
270
845
902
590
560
954
849
165
116
607
582
459
833
364
989
446
391
153
11
788
896
240
272
267
497
181
1
439
944
923
97
359
493
484
530
636
504
853
929
218
492
793
506
962
409
873
150
109
220
503
933
564
608
749
698
668
865
571
591
767
529
134
208
868
243
893
485
902
948
555
951
253
164
637
220
427
57
126
910
846
768
855
729
92
129
907
104
217
556
454
920
98
505
562
512
696
730
917
967
230
906
559
172
492
918
66
106
564
293
789
491
269
878
610
868
951
588
121
451
453
442
881
39
645
702
901
832
518
315
81
13
665
445
48
88
972
672
791
956
839
932
217
66
552
738
458
64
446
686
978
923
516
91
37
563
985
171
182
878
978
754
140
658
891
999
634
546
439
961
706
589
349
770
891
813
239
560
717
548
351
648
166
69
527
494
838
921
330
616
17
873
855
416
251
441
177
212
173
149
843
269
753
83
374
939
532
105
589
82
398
792
532
437
223
533
34
663
74
50
81
783
367
106
680
773
794
87
999
580
95
396
219
354
343
21
290
706
549
709
270
984
225
901
974
280
452
480
441
671
365
317
559
260
492
749
666
160
324
581
878
465
644
741
644
495
301
545
179
374
105
401
254
778
272
757
513
116
633
170
21
336
939
183
74
122
122
670
625
145
76
108
120
200
969
708
768
628
893
244
369
237
629
874
3
70
865
505
977
735
609
753
734
100
853
456
510
233
129
700
905
87
545
337
541
843
579
513
378
39
728
689
108
353
431
645
184
218
228
999
830
47
296
541
789
882
544
381
921
895
324
601
235
498
770
903
715
920
399
562
832
300
15
436
772
214
273
462
399
925
48
799
298
154
327
554
911
999
550
587
457
247
254
392
929
915
268
955
704
381
907
435
77
490
738
692
580
197
110
995
636
9
515
567
974
335
811
784
855
497
654
340
919
965
841
673
378
791
793
315
942
574
954
144
824
472
973
930
949
249
897
518
900
761
926
711
343
483
398
625
220
194
781
898
655
862
473
183
539
670
289
486
531
231
693
280
118
272
321
764
60
2
25
502
603
407
806
15
132
288
456
622
669
902
522
274
686
104
194
848
913
774
763
131
967
525
718
963
681
208
979
186
129
130
586
945
409
623
546
494
270
126
650
246
345
25
241
235
166
75
487
417
669
238
363
719
888
836
826
880
196
349
230
99
153
186
497
63
661
890
380
548
186
672
144
423
729
465
130
28
734
992
467
956
28
630
702
118
593
231
817
468
75
135
625
933
642
652
179
370
864
990
238
402
782
324
454
607
561
48
310
972
646
325
68
255
389
618
792
987
926
250
852
456
299
718
24
374
279
118
509
330
130
660
269
18
891
363
791
102
884
721
289
381
419
526
428
140
110
426
44
721
418
774
832
52
942
41
187
15
210
515
583
5
798
761
585
844
460
299
272
329
487
925
749
537
455
414
381
590
89
424
528
345
396
514
484
891
196
631
98
811
410
793
657
789
198
693
498
471
77
347
636
807
72
377
422
53
668
362
899
71
224
380
731
851
303
107
915
858
299
734
503
280
59
877
902
544
771
296
989
72
254
902
780
276
779
800
456
962
998
454
756
187
760
789
924
528
294
709
61
871
32
200
902
375
935
227
74
203
57
109
487
959
920
838
38
190
526
568
240
719
615
428
393
778
624
157
539
860
522
998
990
380
958
548
858
486
419
31
87
856
674
313
352
313
425
286
643
765
15
347
434
488
496
643
294
692
298
389
939
862
863
425
558
488
105
584
602
621
983
189
425
10
412
439
449
389
706
120
564
819
208
13
387
851
351
499
338
910
98
459
535
196
65
26
162
563
747
39
315
319
926
766
598
44
476
164
310
38
282
176
833
777
939
843
247
468
975
894
598
218
216
575
558
545
843
66
898
120
692
802
990
921
213
934
670
953
244
490
968
368
340
566
181
508
559
668
879
542
205
777
324
248
325
151
888
84
500
898
548
203
381
338
432
139
412
460
76
677
37
70
530
356
170
188
61
384
802
677
849
481
715
545
391
634
320
966
746
144
554
170
587
845
654
848
310
352
528
272
662
908
368
469
714
162
468
389
421
523
676
223
39
250
570
168
19
267
342
207
254
198
823
545
224
751
648
515
415
515
219
677
738
202
708
149
207
497
562
783
45
982
557
27
554
877
631
151
223
530
324
653
190
219
66
433
224
189
222
850
142
575
448
910
84
153
991
793
405
949
692
551
421
470
708
113
331
633
894
274
721
596
817
44
105
982
815
424
407
583
798
593
278
301
633
226
109
550
997
106
582
484
120
860
400
207
422
100
402
67
332
317
282
558
915
119
814
725
378
206
595
648
483
257
523
196
589
910
381
194
324
144
917
601
504
37
254
310
829
872
624
628
462
75
747
783
814
174
872
131
441
497
311
542
928
410
786
56
166
20
974
125
400
832
53
703
434
284
418
6
182
644
301
381
854
587
116
733
684
773
113
369
179
230
627
6
83
447
402
676
70
557
104
479
344
56
81
583
434
249
723
412
689
662
493
310
911
473
218
699
649
592
436
451
759
833
398
516
810
254
181
287
835
872
726
385
384
465
467
415
580
626
387
935
165
684
753
765
972
880
974
497
371
163
770
553
902
324
292
167
308
801
19
548
329
816
731
363
447
575
369
297
901
494
838
292
967
760
234
172
830
130
396
520
691
19
117
814
280
983
863
675
962
489
440
951
332
903
928
242
686
654
501
75
514
846
808
105
118
780
833
851
805
361
998
116
882
541
243
289
423
585
296
762
984
900
446
154
334
612
751
693
459
553
263
578
938
285
583
576
133
50
99
155
366
102
63
627
888
937
50
621
266
391
474
277
504
774
895
403
704
868
904
817
266
853
939
69
640
655
607
685
492
159
325
172
255
461
514
828
382
877
79
601
615
213
298
711
104
867
487
583
892
623
736
425
96
642
411
569
401
971
863
457
718
332
390
63
648
760
479
223
557
776
942
37
847
102
969
84
746
837
854
360
100
922
292
185
889
898
190
879
933
510
1
426
451
82
218
719
926
316
274
655
64
914
423
226
17
85
687
551
746
528
804
343
663
227
753
736
8
312
942
62
90
268
874
538
722
338
65
940
956
355
428
150
492
319
941
773
976
74
514
520
92
862
790
371
209
442
927
299
773
573
89
515
144
233
612
186
389
485
46
769
162
434
769
450
49
682
803
488
678
7
807
820
617
157
531
706
235
52
373
607
33
623
188
82
987
172
786
589
653
362
877
502
473
586
402
532
373
451
580
323
866
603
581
164
67
62
876
294
18
646
108
458
181
607
755
439
898
46
168
237
739
142
135
750
357
69
624
86
877
660
644
821
620
470
890
100
655
764
803
66
321
221
796
576
968
968
15
997
525
535
531
464
910
298
692
299
648
554
231
839
942
362
718
775
785
812
478
722
487
321
957
634
144
386
493
684
633
50
778
452
976
999
634
886
626
151
39
40
600
405
935
935
679
536
944
609
115
123
82
80
356
825
485
264
783
434
51
368
889
136
250
488
795
45
176
297
847
355
594
554
233
368
817
470
803
34
410
220
882
926
891
774
115
100
171
263
104
372
498
905
776
822
688
947
256
661
426
548
737
727
873
722
184
783
476
639
679
483
552
512
370
315
367
515
731
251
98
295
819
901
203
913
143
53
381
118
131
117
399
619
628
128
457
573
408
155
722
817
42
710
687
683
460
529
243
361
546
563
22
127
37
428
534
652
238
786
882
329
268
262
117
856
758
813
686
827
597
456
571
705
45
230
814
681
722
609
882
483
177
961
872
984
632
624
405
739
70
233
488
422
166
631
553
14
623
521
979
609
343
819
690
93
974
367
695
310
232
500
695
538
270
172
762
315
692
306
716
501
956
703
892
494
185
367
420
236
466
490
752
523
18
492
105
819
466
799
739
355
363
952
690
600
196
836
774
453
301
519
117
101
678
73
302
928
320
637
737
651
512
52
207
357
827
251
908
85
723
768
211
66
994
56
170
817
883
527
355
318
367
514
534
469
547
663
57
563
291
600
695
825
360
842
441
344
660
523
394
581
504
669
348
170
591
170
940
170
772
370
907
348
892
509
374
68
767
225
419
421
153
180
124
977
205
659
22
400
291
500
241
543
906
312
699
842
478
183
81
863
480
514
526
975
968
191
120
40
961
817
243
703
351
643
310
337
163
439
978
770
852
102
646
355
267
302
195
129
787
448
23
330
611
298
751
387
17
808
720
986
134
638
58
598
156
951
737
811
535
917
291
843
43
653
481
216
846
271
130
611
299
601
836
465
771
976
287
301
87
236
176
955
894
848
473
278
433
172
273
111
378
68
45
822
622
965
774
36
426
689
581
858
138
904
309
580
30
981
904
905
8
576
874
353
477
773
466
946
9
304
565
981
409
137
405
284
801
580
791
161
179
0
690
255
561
272
729
238
180
883
347
474
112
789
61
278
701
787
472
989
928
284
492
909
897
886
858
458
732
435
162
599
647
726
46
457
94
378
653
33
447
706
350
263
944
17
628
636
468
148
961
630
472
46
501
48
168
294
565
217
723
603
122
808
376
166
680
897
27
806
724
146
15
270
995
668
737
88
465
752
30
588
781
626
407
96
704
832
965
386
422
767
422
698
112
661
561
441
630
956
911
113
928
658
36
143
265
91
499
289
805
938
226
698
698
257
60
133
799
151
780
939
468
432
127
636
902
995
671
151
233
391
888
985
461
289
614
480
850
688
193
532
254
745
617
662
619
52
923
946
310
436
642
121
190
30
300
989
787
504
331
95
341
947
830
547
672
549
381
596
63
586
824
662
397
863
597
630
92
147
52
563
3
720
298
76
154
213
406
312
724
671
646
583
389
303
848
160
265
55
434
112
288
261
881
2
522
660
868
837
509
79
261
127
547
48
470
115
94
318
12
321
411
510
600
286
194
534
892
455
226
112
467
405
651
45
942
82
380
201
931
184
239
318
757
399
16
601
534
555
395
907
197
73
710
691
581
478
232
622
472
706
642
885
5
605
720
447
407
394
735
59
427
30
297
845
393
95
966
712
112
542
298
863
568
365
919
333
553
299
714
237
808
311
598
322
443
853
233
975
379
122
321
632
829
617
444
454
925
81
432
891
395
388
867
572
598
964
77
169
616
92
632
633
31
666
409
998
484
150
424
463
123
65
193
653
229
858
678
381
15
818
577
979
151
282
732
807
613
742
210
920
292
484
131
963
238
251
657
352
396
443
69
679
366
109
390
547
553
970
363
759
18
747
519
326
681
213
109
377
36
612
81
267
70
926
136
992
693
592
494
329
851
536
308
721
725
462
20
781
385
902
831
378
433
993
425
467
808
263
938
180
734
965
721
405
538
44
941
645
657
829
135
861
759
3
807
47
756
796
645
175
61
819
442
886
739
261
349
415
133
981
182
750
762
953
344
549
505
474
428
35
448
49
894
741
273
170
228
370
838
502
429
507
909
492
761
716
893
870
838
566
562
154
225
450
121
610
253
553
654
476
375
108
958
651
386
617
54
330
47
443
692
7
288
927
290
932
729
698
572
832
612
872
676
611
450
226
291
758
908
18
963
331
219
916
94
43
300
213
273
407
83
958
540
689
474
516
351
0
841
590
367
601
725
953
981
168
679
30
995
652
676
487
537
898
466
322
334
184
162
119
738
143
404
327
346
533
787
206
486
216
223
303
646
801
64
787
273
571
977
674
233
348
392
621
217
597
739
318
62
8
256
750
481
521
255
915
146
191
445
302
893
715
175
585
772
850
552
507
862
514
816
700
39
578
701
21
694
378
19
498
873
424
863
680
466
427
847
801
962
962
653
624
107
844
660
207
369
267
469
482
552
21
797
72
555
515
881
56
673
307
112
444
461
290
283
315
259
732
478
868
890
49
985
462
684
846
303
677
234
725
133
933
122
527
254
773
147
42
28
542
48
467
263
512
988
218
140
46
943
638
266
561
730
828
505
797
764
109
568
301
627
66
696
82
207
755
229
187
374
45
180
771
727
418
837
195
9
409
924
115
34
733
791
198
597
80
330
433
478
677
253
159
504
14
988
459
521
232
469
222
27
406
14
656
67
887
528
857
679
48
402
979
835
755
416
31
143
446
326
974
459
812
389
458
223
36
959
675
478
457
712
459
908
355
127
562
651
899
397
581
783
895
971
584
194
668
992
122
485
817
900
619
348
394
24
314
44
483
922
730
736
583
627
628
840
674
433
733
208
224
237
419
957
185
12
815
665
997
94
984
718
899
566
763
194
830
940
587
888
101
818
32
517
724
476
576
653
843
276
57
5
632
4
656
218
866
170
790
553
891
341
631
217
300
879
405
551
161
224
409
717
903
612
739
236
37
137
113
838
848
309
759
42
619
860
847
198
782
747
494
175
735
166
742
314
562
905
68
164
475
351
8
269
743
189
541
117
125
601
364
194
951
580
63
171
362
144
601
908
335
754
138
656
640
192
124
354
743
273
722
745
945
719
514
639
152
823
277
960
663
661
854
980
548
286
719
218
223
886
35
122
185
839
149
903
750
57
403
628
926
590
871
446
711
971
405
695
362
534
111
422
475
560
143
980
206
717
733
883
583
93
491
716
300
701
582
422
461
337
808
64
536
535
760
375
244
952
0
941
164
23
195
534
767
554
197
382
473
769
593
734
87
861
511
730
791
135
82
453
14
942
584
636
798
467
152
748
791
147
937
838
714
482
282
267
605
234
843
770
203
58
152
131
347
484
806
932
135
220
324
674
885
501
781
290
723
341
608
82
468
489
473
434
765
916
484
263
377
617
695
215
393
68
204
264
269
794
855
497
542
724
736
69
207
801
330
409
441
380
254
14
550
184
106
470
205
780
42
822
119
860
304
459
194
678
966
94
46
415
690
266
159
958
655
11
490
437
257
421
754
827
400
430
834
59
7
460
655
915
450
781
198
899
243
338
733
231
726
168
44
6
871
630
873
866
956
4
333
671
32
988
267
292
306
301
329
647
261
165
88
208
391
135
840
33
152
928
449
613
182
474
200
259
948
666
30
270
500
701
660
359
543
679
395
708
104
42
468
124
503
46
321
278
678
369
978
488
731
127
606
431
983
974
273
615
677
719
288
953
464
328
73
582
189
726
93
702
84
656
647
258
844
197
497
875
554
651
846
382
542
738
671
635
587
935
123
106
138
754
320
361
656
386
270
177
96
979
147
341
98
949
344
898
757
143
959
626
679
98
585
866
346
638
246
246
679
17
484
526
656
493
184
78
261
629
741
218
434
502
832
229
582
891
411
312
768
960
628
362
16
617
114
210
359
807
210
442
306
828
17
657
208
73
515
294
49
71
573
458
338
81
264
219
507
296
993
993
180
117
606
126
588
860
319
748
512
935
466
455
440
444
972
711
665
561
850
92
482
50
483
928
538
167
871
768
32
119
706
951
248
19
349
745
66
17
745
874
783
860
607
102
522
524
7
734
2
237
946
334
537
378
491
215
774
625
774
293
795
373
152
610
709
613
313
992
859
471
467
830
102
0
551
547
426
85
981
569
679
25
723
172
821
270
986
383
869
905
960
10
377
903
370
650
831
686
402
625
581
230
618
382
255
338
748
799
292
481
357
733
28
750
284
530
467
650
729
654
618
361
119
347
382
456
379
858
685
682
984
490
223
645
671
337
776
243
629
487
355
645
173
785
896
233
130
623
768
627
617
997
715
220
273
731
574
384
7
348
165
325
152
865
383
108
672
235
717
111
71
792
633
867
677
377
287
112
231
13
143
653
197
166
988
797
966
228
42
616
197
839
796
159
769
175
784
809
152
247
590
818
672
403
572
483
695
661
34
573
743
16
73
360
837
689
313
21
945
867
895
506
743
605
602
698
871
492
316
207
347
450
657
34
848
163
4
41
160
436
403
996
824
206
776
834
59
90
533
849
504
350
35
787
309
951
845
236
474
102
939
857
198
785
698
68
496
437
440
739
331
199
531
807
966
301
749
149
759
476
576
545
695
150
574
180
350
159
973
65
610
497
143
114
602
649
741
843
851
194
691
108
879
198
613
241
454
296
657
262
186
824
359
857
487
658
463
885
499
33
557
57
355
641
550
277
107
67
950
778
513
841
40
402
887
42
485
387
75
519
512
391
976
89
561
933
905
886
634
988
805
516
938
302
624
653
774
453
517
91
354
850
603
812
291
50
793
745
183
271
431
689
104
676
544
907
333
931
635
509
586
367
210
249
869
195
27
502
728
89
259
5
597
669
46
460
941
350
72
200
921
190
415
285
466
780
447
722
160
380
42
662
73
435
520
81
696
602
892
831
940
134
101
985
110
478
197
767
401
449
212
811
391
197
624
463
930
750
667
74
903
286
412
603
798
667
701
987
309
707
295
448
38
337
683
509
516
243
700
361
268
265
574
426
328
566
994
836
65
419
627
578
751
285
198
756
301
713
408
735
560
297
522
227
669
254
209
520
81
256
555
215
777
93
345
890
581
221
926
426
591
713
625
849
831
75
146
155
316
420
817
488
24
815
88
778
264
914
630
711
832
648
298
987
680
63
835
386
78
354
762
689
695
49
23
758
646
891
267
730
88
639
394
862
437
391
23
927
963
13
803
523
842
673
423
598
201
35
178
452
384
651
738
305
457
755
304
598
497
263
942
849
400
515
810
102
383
399
379
614
515
52
170
870
384
574
375
132
89
308
525
805
721
845
964
628
937
454
967
456
438
261
176
705
515
987
252
607
981
431
392
38
570
858
678
901
179
31
684
214
351
249
707
416
90
620
138
618
477
681
230
172
148
60
907
242
450
747
746
333
281
896
404
724
213
173
93
723
156
370
203
438
872
898
553
252
904
958
654
514
902
970
499
141
84
899
907
956
387
863
617
665
387
361
996
546
173
962
483
680
593
93
985
739
265
885
626
901
663
9
243
976
499
808
480
313
633
919
200
285
510
907
385
807
810
200
626
789
700
448
310
12
308
570
370
754
192
409
164
162
552
286
696
348
39
358
610
856
624
794
295
641
941
504
69
775
762
136
264
947
93
293
933
312
475
106
850
77
174
585
858
105
129
534
467
283
310
154
374
467
696
460
694
258
951
158
946
720
809
374
421
916
193
389
719
858
100
60
579
95
72
864
753
288
937
315
383
598
394
244
434
691
539
124
792
152
623
621
65
954
668
59
706
167
702
199
345
328
490
675
390
714
274
417
342
638
752
17
122
662
2
288
417
828
6
958
241
545
526
624
896
310
581
583
787
797
957
645
36
324
446
613
999
131
257
59
674
188
68
394
687
281
183
212
494
727
772
43
618
960
892
565
597
257
760
691
604
564
134
65
263
910
890
800
483
638
171
392
970
935
855
310
409
820
989
595
823
145
398
742
972
30
577
461
541
54
689
375
305
972
561
62
276
162
149
265
531
283
795
789
584
711
359
637
757
122
245
652
304
488
252
491
365
328
928
483
182
467
140
558
829
40
756
312
781
893
304
488
981
660
243
8
254
357
707
243
828
682
391
695
556
264
97
292
259
449
729
653
749
305
991
467
961
236
931
849
447
209
266
348
972
36
852
589
680
743
225
442
13
465
955
830
135
746
85
131
262
771
944
506
851
519
692
513
977
716
441
491
756
945
625
982
707
889
174
599
510
686
212
394
359
421
469
610
517
268
890
834
213
376
577
768
7
199
508
930
806
728
986
314
749
24
11
952
431
928
121
466
438
196
283
577
317
649
915
63
626
402
958
915
10
987
110
467
662
370
134
323
801
348
352
122
710
202
384
918
446
82
758
227
915
501
964
858
966
625
895
541
565
645
363
53
600
419
439
182
613
10
142
99
656
88
834
935
212
591
822
874
888
476
872
710
680
469
525
671
781
474
292
527
370
767
536
757
321
641
981
521
349
865
42
306
442
330
647
917
927
287
279
327
10
669
595
135
456
645
766
449
684
130
156
271
290
408
894
392
371
862
66
614
834
368
140
696
161
700
468
537
481
266
628
702
487
990
2
155
648
656
902
417
602
800
985
862
814
137
409
412
492
581
400
220
966
618
697
955
444
426
740
369
801
195
907
283
823
622
718
193
178
90
741
841
669
669
886
852
641
468
135
601
853
528
290
465
602
476
88
162
914
884
201
311
289
384
775
146
356
74
147
637
189
835
658
45
176
391
289
647
660
220
20
605
722
602
755
723
117
260
425
390
414
848
739
282
381
275
551
922
50
964
29
427
622
797
415
176
714
120
155
742
254
67
841
960
81
474
326
979
242
223
897
401
757
337
26
732
858
279
160
645
598
162
48
114
725
416
230
735
192
67
713
222
101
75
958
834
430
746
553
347
316
264
85
53
715
371
566
195
279
302
78
536
500
187
686
499
876
557
639
146
795
253
648
645
963
732
637
657
361
439
688
65
548
771
469
884
298
700
102
717
606
783
246
15
956
555
913
130
986
620
217
524
252
650
234
23
928
278
615
433
682
0
915
870
92
802
670
48
668
48
73
60
523
768
774
868
560
314
687
604
274
157
98
280
374
496
374
41
331
521
132
275
174
437
540
124
884
488
839
419
764
124
14
973
950
519
741
264
832
880
211
184
465
533
369
157
642
113
637
719
456
134
808
857
568
933
868
383
778
948
211
535
242
233
75
517
980
754
739
311
442
326
750
95
772
219
1
281
741
542
724
439
572
487
320
543
568
369
651
163
897
433
160
679
245
212
985
460
206
660
406
105
42
259
385
676
889
516
12
760
929
107
321
686
557
885
321
703
113
710
217
124
323
637
991
838
451
496
981
699
934
129
361
638
465
380
769
598
204
748
959
41
131
915
497
740
165
543
913
92
280
450
611
432
641
851
524
2
269
16
376
103
608
927
239
998
450
400
621
602
590
654
396
679
492
155
981
808
160
605
424
740
827
826
699
282
236
804
82
316
189
337
739
752
463
693
24
637
680
721
431
949
734
251
648
950
15
437
847
257
128
59
913
451
503
138
391
506
135
66
731
334
448
67
547
294
706
442
698
622
945
245
829
637
468
779
225
192
185
990
731
630
989
610
647
57
151
730
830
637
505
534
216
539
710
21
917
615
370
245
806
681
37
628
216
568
579
163
752
112
307
979
233
310
759
677
270
214
809
628
486
335
961
872
767
170
803
847
937
395
886
529
808
981
408
178
269
634
61
599
851
260
366
357
538
132
674
777
555
113
826
281
521
931
786
717
969
626
934
307
909
17
646
260
564
238
282
332
666
251
106
137
659
546
19
138
309
582
705
262
215
902
813
789
941
138
646
629
413
599
451
563
253
999
389
366
67
990
557
368
891
580
455
820
995
272
135
58
589
824
707
552
220
204
565
768
118
782
146
239
642
189
885
216
216
557
364
32
713
790
283
603
77
204
806
144
830
381
211
231
823
879
392
441
557
191
647
648
416
530
987
194
476
993
444
401
779
452
442
59
622
63
717
655
926
608
411
804
184
12
737
175
369
32
770
102
833
852
563
641
977
950
40
326
944
64
266
254
396
627
143
234
892
932
502
312
557
38
68
51
53
635
923
211
950
521
141
924
209
920
349
257
466
10
435
416
550
108
528
9
616
984
154
913
271
858
624
182
534
741
746
384
726
865
895
532
661
241
681
478
411
125
326
344
411
918
219
187
184
225
913
75
904
490
496
179
175
456
1
452
453
747
368
938
209
4
303
346
73
302
984
898
369
284
990
597
443
642
546
761
894
353
503
228
727
450
567
192
297
498
744
974
118
884
190
212
812
646
40
234
228
883
161
130
95
475
615
981
221
678
92
183
762
512
113
244
996
658
442
745
888
811
66
316
376
70
216
917
2
455
320
940
385
992
617
883
172
351
851
721
647
333
436
890
328
974
64
666
843
717
245
663
336
812
660
313
373
24
159
783
58
650
885
689
945
154
872
420
1
265
966
16
904
231
919
7
783
696
0
655
661
39
534
939
291
201
89
477
793
227
970
3
267
309
360
255
353
46
348
257
902
576
648
107
853
390
29
662
380
465
245
637
244
624
314
647
702
163
594
720
656
900
684
392
178
127
199
132
481
710
397
0
774
883
268
6
754
573
381
327
252
731
77
789
825
422
613
453
473
230
604
923
304
36
214
679
878
967
309
206
432
66
721
594
678
607
905
916
554
579
437
367
26
510
389
44
139
103
124
282
928
300
525
487
71
40
165
869
667
391
632
854
812
347
124
506
902
825
506
819
426
987
120
627
708
503
43
850
754
125
129
139
57
17
420
418
283
224
259
290
464
331
754
734
659
83
179
71
792
930
335
999
619
600
808
244
466
395
45
90
827
864
885
986
725
964
216
759
622
368
962
944
419
388
916
736
488
204
32
506
488
467
672
709
665
957
124
346
234
9
772
170
705
359
783
340
990
829
345
983
105
478
920
36
408
751
798
814
423
35
217
640
986
446
342
907
873
819
496
561
503
635
137
514
233
431
565
398
84
187
511
50
552
291
82
191
587
314
874
717
389
974
836
837
917
87
864
321
267
856
858
762
663
716
438
82
770
9
20
126
902
760
762
855
545
928
983
501
364
470
565
100
299
181
800
30
946
89
512
874
5
138
730
246
724
787
233
54
697
429
36
794
196
864
237
660
437
32
364
137
197
710
820
201
22
81
726
323
819
988
376
386
537
696
728
371
911
256
487
371
396
446
289
875
251
182
656
133
602
922
195
751
93
170
274
863
100
745
744
194
817
802
747
170
417
738
579
342
817
426
984
930
288
377
490
114
986
373
765
672
57
670
667
890
742
871
386
27
350
739
584
842
894
934
60
713
333
298
557
524
975
878
280
730
565
3
165
33
646
202
886
536
917
18
658
805
346
562
10
880
563
629
603
226
265
82
359
349
608
177
574
984
750
958
787
932
220
586
364
912
987
74
87
236
684
603
433
271
146
355
481
365
971
815
650
589
160
568
818
995
108
565
664
466
768
211
909
769
823
564
991
746
395
802
674
45
343
143
40
376
126
872
291
356
671
672
388
986
521
24
883
429
453
28
971
870
920
934
879
939
776
911
390
884
483
664
279
617
529
255
345
496
211
78
445
239
31
313
691
373
136
564
115
636
897
325
183
262
91
477
218
58
980
735
869
400
224
624
854
311
313
578
398
966
777
495
819
37
737
920
148
134
244
426
238
259
690
818
664
673
492
7
824
484
353
581
4
547
545
428
700
303
455
951
262
303
876
567
248
940
746
675
992
989
388
235
701
949
747
954
732
578
888
734
504
59
392
343
533
946
188
158
186
431
807
876
289
924
150
838
562
319
69
987
732
835
651
217
925
325
630
290
337
679
558
992
824
255
162
382
113
685
394
329
939
974
561
117
974
120
498
992
392
807
351
292
128
57
218
999
9
771
732
389
877
962
256
332
375
349
476
72
487
502
697
210
714
999
495
234
287
716
592
651
543
56
214
760
345
156
264
44
645
221
795
749
830
259
521
426
449
189
222
936
604
899
977
854
977
75
492
329
434
636
148
991
142
495
630
747
493
349
515
983
735
76
888
701
219
133
305
385
88
890
221
421
417
996
843
163
603
131
22
753
97
373
802
825
300
5
940
311
184
211
163
797
43
643
465
319
855
661
517
946
965
532
171
736
380
236
181
51
153
424
635
598
17
446
735
859
498
190
419
195
334
202
469
25
148
76
741
905
150
168
196
292
907
351
410
332
154
735
80
849
201
463
529
292
624
128
308
196
452
268
179
73
209
443
881
634
798
741
584
785
744
626
938
250
513
984
102
247
525
546
144
805
399
292
490
498
594
166
740
154
33
432
18
921
706
786
487
400
989
242
253
569
376
637
285
89
101
332
999
154
110
956
60
315
149
382
709
839
365
833
597
372
150
453
176
148
616
385
367
517
506
469
809
601
20
871
156
985
164
313
158
390
184
19
460
111
367
347
967
734
628
239
966
91
656
631
194
712
935
405
432
702
480
59
351
729
408
586
650
684
448
634
582
101
364
903
703
832
410
456
331
763
530
897
748
412
1
885
94
987
782
266
619
534
294
338
290
853
844
436
700
516
437
330
260
958
617
477
907
519
320
478
70
788
430
714
303
826
503
504
58
624
798
391
645
177
675
349
573
885
544
599
43
945
70
212
670
908
689
51
193
448
199
48
544
155
49
938
711
751
576
167
96
717
379
293
520
896
407
515
889
348
354
243
154
961
363
726
273
25
715
170
494
153
495
697
400
627
396
390
981
640
395
398
627
198
967
966
884
370
766
308
147
783
954
835
112
649
420
984
729
150
74
125
485
46
107
620
520
206
834
876
335
35
83
903
953
819
662
794
840
845
707
466
417
258
467
335
742
37
722
436
854
848
523
807
553
305
596
769
594
590
494
523
953
788
991
582
709
541
782
423
586
981
674
362
988
166
941
872
568
72
404
770
484
75
71
262
935
822
774
310
824
889
258
839
737
129
323
63
172
26
854
456
433
471
281
263
72
30
134
583
834
676
545
376
433
240
2
561
752
103
622
210
526
71
483
636
820
395
499
476
916
425
588
962
273
223
681
796
670
740
245
477
214
435
313
222
900
685
123
748
82
437
556
465
188
242
883
515
814
23
330
518
919
267
320
31
918
671
267
69
541
26
897
923
780
387
770
418
271
866
48
262
213
347
134
811
514
341
453
617
10
385
473
232
128
593
685
621
355
471
583
475
939
939
166
211
362
761
338
296
846
69
218
311
986
815
436
257
896
203
205
978
526
129
335
358
218
836
161
972
799
945
50
25
292
766
575
991
578
795
880
773
791
452
716
256
218
592
77
108
181
369
458
892
581
38
668
877
297
26
550
19
920
888
868
66
922
845
476
117
191
925
20
813
988
472
650
771
640
708
784
850
437
343
809
0
92
403
262
341
277
25
894
534
206
255
540
929
989
118
307
734
277
969
936
901
751
475
249
488
242
324
323
89
970
708
938
741
248
77
639
744
204
32
845
321
728
328
587
888
570
234
252
286
156
322
778
811
693
158
236
598
837
538
271
303
663
563
406
48
469
219
865
323
950
708
132
973
749
889
40
704
304
57
943
91
777
546
121
400
239
642
986
789
450
857
799
429
586
903
712
19
176
290
474
671
556
599
505
667
2
193
57
285
134
408
924
299
759
161
136
392
260
130
395
227
92
242
432
670
80
266
554
780
687
266
891
192
319
896
608
812
51
973
533
814
876
313
877
795
920
30
952
802
404
526
991
788
503
552
473
820
631
265
723
945
253
784
763
40
100
142
150
660
603
939
824
334
896
443
18
81
743
389
153
722
134
456
370
316
489
68
835
614
859
842
147
144
922
284
634
120
922
583
888
880
151
252
756
224
932
762
183
601
947
217
139
425
457
782
1
458
565
202
735
701
98
225
158
737
66
163
364
796
322
36
448
30
532
981
296
640
467
144
106
511
805
202
824
326
63
470
288
224
441
124
31
150
672
190
755
715
550
828
780
734
679
699
927
946
943
539
359
593
424
204
181
39
745
941
161
720
95
593
381
553
487
927
626
601
370
134
126
626
563
841
597
139
274
643
286
768
977
733
546
210
796
846
839
837
927
956
767
430
22
270
240
849
98
201
998
210
807
757
796
290
527
401
195
337
719
218
831
819
804
1
896
649
295
267
192
117
91
276
230
433
31
877
751
858
603
768
206
930
420
516
996
460
571
708
209
321
669
76
969
988
237
255
981
797
857
462
573
1
358
86
188
204
351
784
655
357
153
718
927
955
835
119
996
528
788
657
523
204
81
114
258
789
133
158
186
422
139
306
357
859
894
420
731
845
833
648
389
859
311
676
904
290
224
111
393
40
132
302
132
444
146
792
461
606
966
777
667
70
712
782
913
299
76
772
447
462
311
713
164
602
487
776
605
81
838
339
112
196
97
484
757
125
921
355
166
28
479
511
880
761
80
332
307
926
751
902
166
646
82
480
763
800
403
556
151
872
712
507
960
306
674
916
720
929
697
532
804
195
245
365
189
353
673
974
725
987
613
425
476
443
640
89
730
185
68
40
721
70
306
896
10
58
18
459
862
184
256
628
66
785
822
500
287
338
365
404
911
683
914
828
27
506
525
367
238
402
411
374
416
511
280
948
313
237
327
321
371
479
121
190
961
203
88
343
591
369
304
394
505
89
474
271
708
67
313
395
704
350
144
158
966
404
941
837
636
217
904
682
944
651
845
79
661
540
871
567
257
80
853
763
490
464
200
802
738
449
403
946
956
26
130
279
848
84
689
715
733
846
484
397
474
97
420
368
746
511
967
364
513
116
826
860
151
802
950
347
350
341
909
98
81
41
498
422
23
656
53
284
64
86
566
422
880
60
470
336
260
544
909
908
740
788
16
811
857
24
830
271
824
818
531
222
987
694
653
207
200
934
721
340
779
385
953
685
513
165
256
103
257
847
655
753
987
272
814
656
169
189
257
676
13
794
703
613
381
758
552
841
563
932
862
322
626
330
644
399
622
152
837
70
148
195
150
389
371
264
996
270
56
812
948
180
190
269
778
501
956
482
507
971
438
17
634
133
329
462
622
741
973
851
264
284
580
329
132
212
451
379
76
816
871
46
731
937
17
444
216
653
114
374
625
564
744
38
494
539
738
407
947
484
432
294
405
417
735
504
503
966
551
44
317
507
105
767
138
186
300
523
396
885
942
370
549
565
827
871
349
267
737
566
63
614
972
183
85
144
893
354
327
157
563
810
445
221
947
646
592
643
996
22
414
179
76
526
679
289
484
683
669
554
317
843
258
680
931
742
757
240
56
958
828
250
726
18
348
691
766
560
994
444
901
184
270
391
415
80
128
492
125
866
810
940
125
779
365
527
384
235
215
236
178
959
903
621
390
554
756
128
123
490
619
659
823
99
456
841
649
901
221
436
374
194
540
476
819
358
503
176
274
63
89
234
577
548
800
669
341
159
784
281
202
454
597
834
12
807
532
589
963
282
765
274
906
554
867
191
906
892
903
455
329
287
179
613
896
761
237
856
60
838
868
350
473
490
145
970
438
518
771
528
464
770
167
917
341
772
448
725
856
339
281
627
877
36
573
94
665
22
931
474
840
489
921
702
267
131
97
310
969
691
996
95
752
54
994
283
204
412
442
648
529
833
39
242
945
516
954
560
519
331
2
888
458
215
138
244
165
992
648
97
928
73
352
274
859
125
232
802
169
812
211
522
38
479
282
964
835
756
865
932
444
24
959
978
996
383
487
247
840
251
51
367
753
754
741
352
730
311
708
157
454
697
4
703
170
351
847
967
954
852
385
651
334
332
292
860
292
907
896
179
747
289
47
985
397
512
112
705
809
965
70
650
785
523
116
847
180
497
750
822
912
989
543
826
918
521
374
121
831
509
407
618
596
555
50
827
326
832
382
674
781
143
992
478
563
564
294
406
493
229
640
807
75
459
598
658
404
71
523
516
690
29
596
550
378
136
344
208
452
928
652
364
458
714
981
913
387
180
742
760
368
149
574
925
989
162
919
896
67
716
452
82
370
888
331
529
874
727
862
779
643
179
91
902
693
536
30
362
433
41
583
729
782
675
317
445
307
306
563
0
851
407
677
454
303
77
122
473
301
911
593
911
685
988
553
566
215
79
570
226
592
421
815
809
738
411
104
904
227
537
238
776
818
304
978
174
896
944
609
289
539
927
186
937
417
35
290
729
958
871
331
860
755
98
248
143
185
9
162
153
218
577
630
686
67
904
683
209
210
177
768
808
419
231
742
308
464
857
530
269
913
697
591
18
830
446
937
512
307
381
613
112
231
697
967
425
167
315
337
398
212
611
326
871
751
491
489
86
907
312
96
660
583
255
715
941
148
597
407
142
907
949
639
177
836
508
549
811
768
588
996
64
987
354
606
539
541
964
85
146
393
497
930
634
682
481
28
783
531
652
997
850
644
656
479
276
396
341
349
412
16
918
648
264
764
137
520
109
673
593
647
49
900
538
39
173
697
70
851
433
267
186
425
68
820
277
606
193
758
275
617
513
130
288
431
734
446
189
127
618
358
975
998
697
557
940
675
841
450
429
782
534
840
738
30
645
96
417
85
511
326
131
924
82
784
58
369
949
488
603
816
472
8
614
706
978
339
921
773
417
95
220
8
904
346
789
744
22
982
963
303
286
363
305
992
899
633
733
362
564
129
932
475
599
994
532
539
938
743
311
782
291
725
339
636
672
740
342
556
623
783
378
606
219
168
680
508
76
687
777
112
942
723
610
366
69
226
875
188
73
403
354
623
101
5
134
193
923
126
55
215
40
102
982
85
896
757
987
508
343
157
845
477
70
594
516
565
870
683
456
674
45
7
599
148
198
227
593
973
95
331
761
875
576
94
419
644
52
790
816
647
684
493
270
784
885
722
581
648
531
301
272
894
940
164
361
816
811
185
11
858
669
834
669
358
796
260
161
982
498
636
165
919
962
540
10
53
658
38
264
973
985
187
362
684
580
328
333
990
294
795
22
344
917
997
484
2
479
229
512
767
343
821
308
468
610
182
890
614
365
206
172
604
276
193
352
975
24
626
651
32
35
57
956
858
248
713
424
349
418
597
393
334
580
951
623
772
247
348
32
873
160
233
309
979
170
475
554
551
147
763
909
89
607
432
977
14
304
18
258
18
503
607
17
413
389
32
178
921
111
469
690
667
525
35
843
193
667
637
49
106
510
275
205
591
755
559
36
493
423
500
913
702
300
726
402
626
521
394
528
584
1
41
443
490
980
155
453
806
599
426
300
725
477
831
900
885
622
32
318
371
673
337
212
78
387
419
374
895
624
578
65
831
13
197
403
684
207
128
650
405
443
413
26
705
929
909
810
865
116
529
625
494
762
423
694
922
165
790
617
710
816
295
920
590
421
998
169
998
42
349
715
64
817
746
152
625
352
11
85
453
406
88
744
538
520
284
520
802
185
95
127
361
470
922
722
274
417
324
979
770
947
247
795
272
851
331
581
869
559
919
89
282
940
781
478
449
191
660
547
308
354
419
352
794
649
347
349
451
830
999
389
546
375
851
626
929
843
36
243
680
825
742
225
29
560
808
295
145
157
393
120
873
832
50
827
664
750
819
33
129
185
584
17
925
981
418
485
399
282
75
625
246
979
746
678
195
259
854
155
676
331
223
212
761
368
579
162
17
717
56
323
995
157
687
106
764
600
532
939
873
925
832
289
730
920
863
845
255
590
148
975
906
235
103
720
620
970
931
801
900
744
713
321
545
989
230
324
976
182
662
505
415
131
440
460
164
978
787
846
201
1
213
539
531
273
961
864
538
912
765
583
158
399
28
366
186
306
513
10
436
570
976
127
515
382
527
474
444
685
818
272
101
700
772
890
629
499
489
731
260
892
240
642
62
641
434
650
633
622
788
384
595
162
664
737
349
594
766
416
146
622
160
429
96
32
522
293
765
33
180
354
664
598
671
606
603
505
409
771
535
20
786
342
767
148
350
304
624
68
676
167
959
585
536
611
476
608
213
349
418
11
571
610
105
661
776
260
248
471
975
526
106
722
70
594
879
526
191
416
276
750
707
329
92
522
266
407
213
16
703
734
533
422
631
447
681
152
237
361
58
848
219
648
590
158
989
537
972
580
419
157
787
371
382
773
371
396
178
410
572
880
579
887
400
33
84
931
389
307
155
380
857
175
607
139
281
562
269
943
735
57
329
172
858
201
849
156
555
45
652
212
450
447
869
271
69
667
536
364
247
992
541
548
481
692
650
773
531
499
746
152
904
958
959
127
277
534
920
689
660
519
935
616
135
333
345
234
831
977
481
458
798
151
6
56
29
402
422
884
346
635
668
480
368
951
689
874
651
270
662
152
571
555
266
756
292
452
416
340
938
260
784
603
140
222
275
940
440
938
274
114
390
411
996
355
443
897
566
421
285
882
657
360
761
331
182
134
868
783
909
941
580
294
789
92
960
75
914
551
808
856
995
391
305
391
56
441
835
498
785
373
928
374
617
278
458
330
813
34
330
810
265
9
482
760
804
3
143
151
947
287
833
113
975
406
466
355
569
726
697
910
564
918
247
77
763
743
332
317
277
880
429
279
708
520
34
8
2
939
56
545
553
656
833
464
684
418
273
200
707
497
265
543
144
668
585
839
508
917
194
848
778
611
692
256
15
481
440
134
539
656
747
609
341
938
577
337
300
13
54
701
959
104
363
569
98
899
653
790
925
825
866
819
101
860
175
728
91
887
586
297
623
293
993
27
778
653
4
366
938
650
885
261
771
217
465
550
708
69
438
987
373
576
937
55
529
857
921
142
25
758
27
757
260
761
149
547
602
962
606
345
538
645
642
442
162
89
162
818
74
128
598
633
97
734
851
85
63
679
98
181
528
812
968
983
262
281
992
379
901
187
447
536
934
80
110
694
359
870
328
303
323
296
298
211
737
356
51
610
870
573
642
760
97
544
108
108
602
929
245
494
946
45
303
792
806
762
977
273
894
443
683
102
383
252
538
202
312
489
782
595
514
607
117
966
517
399
279
392
427
823
249
832
574
883
521
132
698
544
960
154
898
201
256
941
197
820
238
939
521
485
988
793
220
707
963
405
148
38
977
211
552
618
485
452
347
57
490
522
756
931
472
616
695
803
115
463
538
158
755
320
376
837
836
177
618
116
710
886
141
105
733
124
976
129
476
839
23
68
893
64
858
783
109
782
904
606
438
270
410
598
541
623
656
57
866
3
553
962
288
82
329
932
146
964
347
592
42
950
578
759
983
120
729
103
820
188
823
314
517
183
105
300
182
411
640
711
334
296
174
529
39
795
599
195
570
457
756
473
121
51
488
465
896
848
34
709
326
794
410
659
743
126
919
811
208
324
461
543
212
13
238
786
128
804
298
406
359
914
554
487
874
744
362
494
693
111
654
405
841
530
593
369
114
794
979
504
748
346
148
302
658
562
224
453
426
391
982
703
47
316
986
349
38
646
388
994
563
903
533
585
160
801
794
685
195
19
809
47
581
612
46
290
59
254
141
610
450
860
384
778
323
337
511
243
588
74
141
853
436
392
820
426
653
527
450
96
947
705
422
218
176
573
527
478
99
42
491
450
822
245
472
827
105
404
962
566
953
450
739
482
279
553
70
290
976
520
585
590
385
990
699
272
508
541
313
883
399
97
897
493
101
929
194
25
425
213
651
366
718
146
655
536
325
845
878
840
721
683
333
574
739
253
816
116
581
532
442
907
705
367
799
48
752
932
376
180
321
199
618
794
27
482
520
751
731
147
27
448
59
723
871
813
184
16
734
770
850
50
831
348
946
501
685
99
837
433
237
212
745
181
549
578
45
623
482
268
928
766
995
914
894
527
274
134
424
714
822
163
984
777
277
761
6
376
106
895
239
646
289
880
