999
999
998
998
998
997
996
996
996
993
993
992
990
989
987
986
986
986
985
985
985
984
983
982
982
981
980
980
979
977
975
974
973
973
973
973
972
972
969
965
965
965
964
964
963
961
960
959
958
957
957
956
955
954
952
951
951
951
950
950
950
949
947
946
945
945
944
944
943
942
940
939
937
937
936
936
935
934
933
933
933
932
931
927
926
926
922
922
922
922
921
921
921
920
920
918
917
916
915
914
913
913
911
910
908
908
906
903
902
902
902
902
901
901
901
899
898
897
897
897
897
896
896
894
893
892
891
891
889
888
886
886
886
884
883
880
880
879
879
879
876
874
873
873
871
869
868
868
867
867
866
865
865
865
859
858
857
857
857
855
855
854
854
854
853
853
849
847
846
845
844
844
843
843
842
842
840
839
839
839
837
834
829
827
827
825
825
822
821
821
820
820
818
818
817
814
814
814
813
812
812
811
809
805
805
804
804
802
801
801
800
799
799
797
796
795
793
790
789
789
788
786
786
785
785
778
777
776
775
775
773
773
771
771
770
769
766
766
764
763
763
762
761
761
760
759
759
759
758
758
757
755
755
754
754
754
752
750
744
743
742
742
739
735
735
734
733
730
729
727
726
725
724
722
722
721
721
720
718
718
717
717
712
712
708
708
708
708
706
705
703
700
697
696
695
694
693
692
692
689
687
687
686
686
686
685
683
681
681
680
679
677
677
676
676
674
673
673
672
670
670
669
668
668
667
666
666
664
664
662
662
660
659
657
656
655
655
654
654
654
653
651
649
648
646
643
640
640
639
638
637
636
635
635
634
634
633
631
630
628
627
627
624
623
622
622
621
619
617
617
616
615
614
613
613
612
612
612
611
611
610
610
610
609
609
609
609
607
607
607
606
606
605
605
604
604
603
603
603
602
601
601
601
600
599
598
596
593
593
593
590
590
589
589
588
585
583
581
579
579
577
577
571
570
568
567
566
566
565
564
563
562
561
561
561
561
560
559
556
556
555
555
555
555
554
550
550
543
543
543
542
541
540
538
538
535
535
534
534
533
531
530
529
528
528
527
527
525
525
525
523
522
521
520
519
519
519
518
518
517
517
516
516
512
508
508
508
507
505
504
504
503
503
500
500
494
494
494
492
492
491
489
487
486
485
484
481
480
480
480
479
478
478
477
476
475
475
475
475
474
474
474
474
471
471
470
469
467
467
466
465
465
463
461
460
459
459
458
457
457
456
456
456
453
452
450
450
449
448
447
446
443
442
441
440
440
439
439
437
437
437
436
434
432
430
430
428
428
427
427
427
426
425
424
423
423
420
416
415
415
414
414
414
410
409
409
408
407
407
407
405
405
404
404
403
401
400
400
400
396
395
394
392
390
389
389
388
388
386
386
385
384
383
381
381
380
380
379
379
377
377
376
376
375
375
374
374
373
373
373
367
365
364
364
363
362
362
361
361
361
361
360
360
358
357
357
357
356
355
354
354
352
352
352
352
351
350
349
344
343
343
343
342
335
334
334
334
333
332
332
331
330
330
329
328
326
326
326
325
323
323
322
321
321
320
320
319
319
318
318
318
316
316
314
310
310
309
308
308
308
307
306
306
305
304
301
301
301
299
299
298
298
298
298
297
297
296
295
294
294
293
292
292
288
288
287
287
286
285
283
282
281
279
278
276
275
273
273
270
270
270
270
269
269
268
268
267
265
264
264
264
263
262
262
259
259
257
256
255
253
252
251
250
249
247
246
246
244
243
243
242
241
238
236
236
234
233
231
231
231
226
226
226
225
225
224
223
222
222
220
219
219
219
218
218
217
217
216
216
216
215
213
213
213
211
207
207
206
205
204
203
203
201
200
198
198
194
193
192
191
190
188
186
183
182
182
178
177
177
176
175
173
172
171
171
170
169
168
166
165
164
164
162
159
158
158
158
157
156
155
154
154
153
151
149
148
147
145
144
142
142
141
140
140
136
135
134
133
132
132
130
128
128
127
126
126
125
124
124
120
120
119
118
118
117
115
110
109
109
109
108
106
105
105
102
100
96
96
96
96
95
94
94
89
88
87
86
86
84
84
83
82
82
81
78
78
78
77
77
76
75
73
73
71
70
69
68
67
67
65
64
63
62
62
61
58
55
53
50
49
49
49
49
49
48
47
47
47
45
45
44
44
43
42
42
42
41
40
39
37
36
35
35
35
35
34
32
32
31
29
28
27
25
24
24
23
23
22
20
18
17
17
15
15
14
14
13
13
10
10
9
7
5
5
4
3
2
2
0
0
