0
0
2
2
3
4
5
5
7
9
10
10
13
13
14
14
15
15
17
17
18
20
22
23
23
24
24
25
27
28
29
31
32
32
34
35
35
35
35
36
37
39
40
41
42
42
42
43
44
44
45
45
47
47
47
48
49
49
49
49
49
50
53
55
58
61
62
62
63
64
65
67
67
68
69
70
71
73
73
75
76
77
77
78
78
78
81
82
82
83
84
84
86
86
87
88
89
94
94
95
96
96
96
96
100
102
105
105
106
108
109
109
109
110
115
117
118
118
119
120
120
124
124
125
126
126
127
128
128
130
132
132
133
134
135
136
140
140
141
142
142
144
145
147
148
149
151
153
154
154
155
156
157
158
158
158
159
162
164
164
165
166
168
169
170
171
171
172
173
175
176
177
177
178
182
182
183
186
188
190
191
192
193
194
198
198
200
201
203
203
204
205
206
207
207
211
213
213
213
215
216
216
216
217
217
218
218
219
219
219
220
222
222
223
224
225
225
226
226
226
231
231
231
233
234
236
236
238
241
242
243
243
244
246
246
247
249
250
251
252
253
255
256
257
259
259
262
262
263
264
264
264
265
267
268
268
269
269
270
270
270
270
273
273
275
276
278
279
281
282
283
285
286
287
287
288
288
292
292
293
294
294
295
296
297
297
298
298
298
298
299
299
301
301
301
304
305
306
306
307
308
308
308
309
310
310
314
316
316
318
318
318
319
319
320
320
321
321
322
323
323
325
326
326
326
328
329
330
330
331
332
332
333
334
334
334
335
342
343
343
343
344
349
350
351
352
352
352
352
354
354
355
356
357
357
357
358
360
360
361
361
361
361
362
362
363
364
364
365
367
373
373
373
374
374
375
375
376
376
377
377
379
379
380
380
381
381
383
384
385
386
386
388
388
389
389
390
392
394
395
396
400
400
400
401
403
404
404
405
405
407
407
407
408
409
409
410
414
414
414
415
415
416
420
423
423
424
425
426
427
427
427
428
428
430
430
432
434
436
437
437
437
439
439
440
440
441
442
443
446
447
448
449
450
450
452
453
456
456
456
457
457
458
459
459
460
461
463
465
465
466
467
467
469
470
471
471
474
474
474
474
475
475
475
475
476
477
478
478
479
480
480
480
481
484
485
486
487
489
491
492
492
494
494
494
500
500
503
503
504
504
505
507
508
508
508
512
516
516
517
517
518
518
519
519
519
520
521
522
523
525
525
525
527
527
528
528
529
530
531
533
534
534
535
535
538
538
540
541
542
543
543
543
550
550
554
555
555
555
555
556
556
559
560
561
561
561
561
562
563
564
565
566
566
567
568
570
571
577
577
579
579
581
583
585
588
589
589
590
590
593
593
593
596
598
599
600
601
601
601
602
603
603
603
604
604
605
605
606
606
607
607
607
609
609
609
609
610
610
610
611
611
612
612
612
613
613
614
615
616
617
617
619
621
622
622
623
624
627
627
628
630
631
633
634
634
635
635
636
637
638
639
640
640
643
646
648
649
651
653
654
654
654
655
655
656
657
659
660
662
662
664
664
666
666
667
668
668
669
670
670
672
673
673
674
676
676
677
677
679
680
681
681
683
685
686
686
686
687
687
689
692
692
693
694
695
696
697
700
703
705
706
708
708
708
708
712
712
717
717
718
718
720
721
721
722
722
724
725
726
727
729
730
733
734
735
735
739
742
742
743
744
750
752
754
754
754
755
755
757
758
758
759
759
759
760
761
761
762
763
763
764
766
766
769
770
771
771
773
773
775
775
776
777
778
785
785
786
786
788
789
789
790
793
795
796
797
799
799
800
801
801
802
804
804
805
805
809
811
812
812
813
814
814
814
817
818
818
820
820
821
821
822
825
825
827
827
829
834
837
839
839
839
840
842
842
843
843
844
844
845
846
847
849
853
853
854
854
854
855
855
857
857
857
858
859
865
865
865
866
867
867
868
868
869
871
873
873
874
876
879
879
879
880
880
883
884
886
886
886
888
889
891
891
892
893
894
896
896
897
897
897
897
898
899
901
901
901
902
902
902
902
903
906
908
908
910
911
913
913
914
915
916
917
918
920
920
921
921
921
922
922
922
922
926
926
927
931
932
933
933
933
934
935
936
936
937
937
939
940
942
943
944
944
945
945
946
947
949
950
950
950
951
951
951
952
954
955
956
957
957
958
959
960
961
963
964
964
965
965
965
969
972
972
973
973
973
973
974
975
977
979
980
980
981
982
982
983
984
985
985
985
986
986
986
987
989
990
992
993
993
996
996
996
997
998
998
998
999
999
